$ANSIBLE_VAULT;1.1;AES256
64313066656535313232643735306330613633326262393963336530303866613566623061323365
6332623630346330623530643432656262306462353664380a633562643431393132323238636664
34366333646265643537306164316439323937306438393539336137353766663734363730393165
3864653138396565350a396232346535653837636632343737366462656361396562326363626364
35646330313730646265616230353737396339656233333735613933613338613266613335396139
38373937343066643533363437663930333532303263633364653563383031353238363933663364
38336633323134373835353135373264613936616164363234323036313466633034633031656533
34396266646466333666616663636632336538343564303837663337363330633566633432313862
39383364316232383838333331663265643737626637386238656561346633363339396533313262
32313365303734353036363164646230366430333238326661663463643339323438646230626461
65373761666264643137623637613762623737663136303965646139653730316331653535373130
36363333613565643931646639333231336434353439396335663566356165386461336630663836
66643038623030376535623066356365386334393565326663663434373335353639313530373138
36336336333333363439313837646437376339633766343437383061323163356161373763393536
31343364643535623265316636343834396262663436323961313361623762366635396238633032
61376238343136313030363162626138623135373335386562373865316335623638613533363631
33396437373565623838393236343231643862623565326336636664383334636439656530326564
30663061366566336434613031613834306662663038303363333133336433366364356530623162
643134333661326162643231306634653864
